  1    1  0.000
  1    2  0.000
  1    3  0.000
  1    4  0.000
  1    5  0.000
  1    6  0.000
  1    7  0.000
  1    8  0.000
  1    9  0.000
  1   10  1.651
  1   11  1.651
  1   12  1.651
  1   13  1.431
  1   14  1.431
  1   15  1.431
  1   16  1.495
  1   17  1.495
  1   18  1.495
  1   19  1.495
  1   20  1.495
  1   21  1.568
  1   22  1.568
  1   23  1.568
  1   24  1.568
  1   25  1.802
  1   26  1.802
  1   27  1.802
  1   28  1.802
  1   29  1.802
  1   30  1.802
  1   31  1.802
  1   32  1.802
  1   33  1.802
  1   34  1.802
  1   35  1.802
  1   36  1.802
  1   37  1.993
  1   38  1.993
  1   39  1.993
  1   40  2.081
  1   41  2.081
  1   42  2.084
  1   43  2.143
  1   44  2.143
  1   45  2.143
  1   46  3.024
  1   47  3.024
  1   48  3.024
  1   49  3.024
  1   50  3.024
  1   51  3.024
  1   52  3.024
  1   53  3.024
  1   54  6.774
  1   55  6.774
  1   56  6.774
  1   57  6.774
  1   58  6.774
  1   59  6.774
  1   60  6.774
  1   61  6.774
  1   62  6.774
  1   63  6.774
  1   64  6.774
  1   65  6.774
  1   66  6.774
  1   67  6.774
  1   68  6.774
  1   69  6.774
  1   70  6.774
  1   71  6.774
  1   72  6.774
  1   73  6.774
  1   74  6.774
  1   75  6.774
  2    1  3.024
  2    2  3.005
  2    3  3.005
  2    4  3.005
  2    5  3.005
  2    6  3.005
  2    7  3.051
  2    8  3.051
  2    9  3.051
  2   10  3.012
  2   11  3.012
  2   12  3.012
  2   13  3.012
  2   14  3.012
  2   15  3.247
  2   16  3.247
  2   17  3.247
  2   18  3.247
  2   19  3.247
  2   20  3.247
  2   21  3.545
  2   22  3.545
  2   23  3.545
  2   24  3.545
  2   25  3.545
  2   26  3.505
  2   27  3.505
  2   28  3.525
  2   29  3.341
  2   30  3.341
  2   31  3.341
  2   32  3.341
  2   33  3.341
  2   34  3.341
  2   35  3.341
  2   36  3.341
  2   37  3.341
  2   38  3.341
  2   39  3.341
  2   40  3.341
  2   41  3.341
  2   42  3.341
  2   43  3.341
  2   44  3.341
  2   45  3.341
  2   46  3.341
  2   47  3.599
  2   48  3.599
  2   49  3.599
  2   50  3.599
  2   51  3.599
  2   52  3.599
  2   53  3.599
  2   54  3.599
  2   55  3.599
  2   56  3.599
  2   57  3.599
  2   58  3.599
  2   59  3.599
  2   60  3.749
  2   61  3.749
  2   62  3.749
  2   63  3.749
  2   64  3.749
  2   65  3.749
  2   66  3.749
  2   67  3.803
  2   68  3.861
  2   69  3.869
  2   70  3.869
  2   71  3.869
  2   72  3.869
  2   73  3.869
  2   74  3.869
  2   75  3.869
  3    1  3.739
  3    2  3.739
  3    3  3.739
  3    4  3.760
  3    5  3.760
  3    6  3.909
  3    7  3.909
  3    8  3.909
  3    9  3.879
  3   10  3.879
  3   11  3.879
  3   12  3.879
  3   13  3.879
  3   14  3.879
  3   15  3.905
  3   16  3.905
  3   17  3.905
  3   18  3.932
  3   19  3.932
  3   20  3.932
  3   21  3.932
  3   22  3.932
  3   23  4.016
  3   24  4.183
  3   25  4.183
  3   26  4.183
  3   27  4.379
  3   28  4.379
  3   29  4.379
  3   30  4.379
  3   31  4.379
  3   32  4.277
  3   33  4.277
  3   34  4.277
  3   35  4.277
  3   36  4.277
  3   37  4.277
  3   38  4.277
  3   39  4.277
  3   40  4.277
  3   41  4.277
  3   42  4.277
  3   43  4.277
  3   44  4.277
  3   45  4.277
  3   46  4.277
  3   47  4.277
  3   48  4.277
  3   49  4.277
  3   50  4.277
  3   51  4.277
  3   52  4.277
  3   53  4.277
  3   54  4.277
  3   55  4.365
  3   56  4.206
  3   57  4.206
  3   58  4.206
  3   59  4.206
  3   60  4.206
  3   61  4.206
  3   62  4.206
  3   63  4.206
  3   64  4.206
  3   65  4.126
  3   66  4.126
  3   67  4.126
  3   68  4.126
  3   69  4.126
  3   70  4.126
  3   71  4.126
  3   72  4.126
  3   73  4.126
  3   74  4.126
  3   75  4.126
  4    1  3.912
  4    2  3.912
  4    3  3.912
  4    4  3.912
  4    5  3.912
  4    6  3.912
  4    7  3.912
  4    8  3.818
  4    9  3.818
  4   10  3.818
  4   11  3.818
  4   12  3.818
  4   13  3.818
  4   14  3.818
  4   15  3.818
  4   16  3.818
  4   17  3.818
  4   18  3.818
  4   19  3.818
  4   20  3.818
  4   21  3.818
  4   22  3.818
  4   23  3.818
  4   24  3.818
  4   25  3.818
  4   26  3.818
  4   27  3.819
  4   28  3.819
  4   29  3.819
  4   30  3.819
  4   31  3.819
  4   32  3.819
  4   33  3.819
  4   34  3.803
  4   35  3.803
  4   36  3.803
  4   37  3.803
  4   38  3.803
  4   39  3.803
  4   40  3.803
  4   41  3.803
  4   42  3.803
  4   43  3.868
  4   44  3.916
  4   45  4.004
  4   46  4.004
  4   47  4.004
  4   48  4.004
  4   49  4.004
  4   50  4.004
  4   51  4.004
  4   52  4.004
  4   53  4.004
  4   54  4.004
  4   55  4.004
  4   56  4.004
  4   57  4.004
  4   58  4.004
  4   59  4.004
  4   60  4.056
  4   61  4.056
  4   62  4.056
  4   63  4.056
  4   64  4.056
  4   65  4.056
  4   66  4.092
  4   67  4.092
  4   68  4.092
  4   69  4.092
  4   70  4.092
  4   71  4.092
  4   72  4.092
  4   73  4.092
  4   74  4.092
  4   75  4.092
  5    1  3.869
  5    2  3.869
  5    3  3.869
  5    4  3.869
  5    5  3.869
  5    6  3.869
  5    7  3.869
  5    8  3.869
  5    9  3.869
  5   10  3.869
  5   11  3.933
  5   12  3.933
  5   13  3.933
  5   14  3.933
  5   15  3.933
  5   16  3.933
  5   17  3.933
  5   18  3.933
  5   19  3.840
  5   20  3.840
  5   21  3.840
  5   22  3.840
  5   23  3.840
  5   24  3.840
  5   25  4.274
  5   26  4.274
  5   27  4.274
  5   28  4.274
  5   29  4.274
  5   30  4.274
  5   31  4.209
  5   32  4.209
  5   33  4.209
  5   34  4.209
  5   35  4.209
  5   36  4.204
  5   37  4.204
  5   38  4.309
  5   39  4.309
  5   40  4.294
  5   41  4.294
  5   42  4.431
  5   43  4.431
  5   44  4.431
  5   45  4.431
  5   46  4.431
  5   47  4.431
  5   48  4.451
  5   49  4.451
  5   50  4.515
  5   51  4.515
  5   52  4.515
  5   53  4.515
  5   54  4.390
  5   55  4.390
  5   56  4.390
  5   57  4.390
  5   58  4.390
  5   59  4.379
  5   60  4.379
  5   61  4.379
  5   62  4.338
  5   63  4.338
  5   64  4.338
  5   65  4.338
  5   66  4.338
  5   67  4.338
  5   68  4.338
  5   69  4.338
  5   70  4.338
  5   71  4.338
  5   72  4.338
  5   73  4.338
  5   74  4.338
  5   75  4.338
  6    1  3.869
  6    2  3.869
  6    3  3.869
  6    4  3.869
  6    5  3.869
  6    6  3.869
  6    7  3.869
  6    8  3.869
  6    9  3.869
  6   10  3.869
  6   11  3.869
  6   12  3.869
  6   13  3.869
  6   14  3.869
  6   15  3.869
  6   16  3.869
  6   17  3.869
  6   18  3.869
  6   19  3.869
  6   20  3.869
  6   21  3.869
  6   22  3.809
  6   23  4.207
  6   24  4.207
  6   25  4.102
  6   26  4.102
  6   27  4.102
  6   28  4.102
  6   29  4.102
  6   30  4.102
  6   31  4.102
  6   32  4.102
  6   33  4.095
  6   34  4.095
  6   35  4.095
  6   36  4.095
  6   37  4.095
  6   38  4.095
  6   39  4.090
  6   40  4.132
  6   41  4.132
  6   42  4.371
  6   43  4.380
  6   44  4.380
  6   45  4.380
  6   46  4.380
  6   47  4.380
  6   48  4.380
  6   49  4.441
  6   50  4.441
  6   51  4.441
  6   52  4.441
  6   53  4.441
  6   54  4.441
  6   55  4.441
  6   56  4.441
  6   57  4.441
  6   58  4.441
  6   59  4.441
  6   60  4.441
  6   61  4.441
  6   62  4.441
  6   63  4.441
  6   64  4.441
  6   65  4.441
  6   66  4.441
  6   67  4.441
  6   68  4.441
  6   69  4.441
  6   70  4.441
  6   71  4.441
  6   72  4.441
  6   73  4.441
  6   74  4.441
  6   75  4.441
  7    1  3.869
  7    2  3.843
  7    3  3.855
  7    4  3.879
  7    5  3.879
  7    6  3.879
  7    7  3.879
  7    8  3.879
  7    9  3.879
  7   10  3.879
  7   11  3.879
  7   12  3.879
  7   13  3.879
  7   14  3.879
  7   15  3.879
  7   16  3.846
  7   17  3.846
  7   18  3.846
  7   19  3.846
  7   20  3.846
  7   21  3.846
  7   22  3.846
  7   23  3.846
  7   24  3.846
  7   25  3.846
  7   26  3.846
  7   27  3.846
  7   28  3.552
  7   29  3.552
  7   30  3.552
  7   31  3.552
  7   32  3.552
  7   33  3.552
  7   34  3.594
  7   35  3.650
  7   36  3.650
  7   37  3.650
  7   38  3.650
  7   39  3.650
  7   40  3.650
  7   41  3.650
  7   42  3.650
  7   43  3.650
  7   44  3.710
  7   45  3.710
  7   46  3.710
  7   47  3.710
  7   48  3.710
  7   49  3.710
  7   50  3.710
  7   51  3.710
  7   52  3.710
  7   53  3.710
  7   54  3.931
  7   55  3.931
  7   56  3.742
  7   57  3.742
  7   58  3.742
  7   59  3.742
  7   60  3.742
  7   61  3.717
  7   62  3.717
  7   63  3.717
  7   64  3.674
  7   65  3.674
  7   66  3.674
  7   67  3.674
  7   68  3.674
  7   69  3.674
  7   70  3.674
  7   71  3.674
  7   72  3.680
  7   73  3.680
  7   74  3.680
  7   75  3.680
  8    1  3.879
  8    2  3.879
  8    3  3.879
  8    4  3.879
  8    5  4.015
  8    6  4.015
  8    7  4.015
  8    8  4.015
  8    9  4.015
  8   10  4.015
  8   11  4.015
  8   12  3.866
  8   13  3.866
  8   14  3.866
  8   15  3.866
  8   16  3.866
  8   17  3.866
  8   18  3.866
  8   19  3.866
  8   20  3.866
  8   21  3.866
  8   22  3.866
  8   23  3.866
  8   24  3.866
  8   25  3.878
  8   26  3.878
  8   27  3.878
  8   28  3.878
  8   29  3.878
  8   30  3.878
  8   31  3.878
  8   32  3.985
  8   33  3.985
  8   34  3.985
  8   35  3.985
  8   36  4.122
  8   37  4.143
  8   38  4.143
  8   39  4.143
  8   40  4.143
  8   41  4.143
  8   42  4.143
  8   43  4.143
  8   44  4.143
  8   45  4.143
  8   46  3.843
  8   47  3.843
  8   48  3.898
  8   49  3.898
  8   50  3.898
  8   51  3.898
  8   52  3.898
  8   53  3.898
  8   54  3.898
  8   55  3.898
  8   56  3.898
  8   57  3.898
  8   58  3.898
  8   59  3.898
  8   60  3.898
  8   61  4.002
  8   62  4.002
  8   63  4.002
  8   64  4.002
  8   65  4.002
  8   66  4.002
  8   67  4.002
  8   68  4.002
  8   69  4.002
  8   70  4.002
  8   71  4.014
  8   72  4.212
  8   73  4.212
  8   74  4.212
  8   75  4.212
  9    1  3.879
  9    2  3.879
  9    3  3.879
  9    4  3.879
  9    5  3.879
  9    6  3.890
  9    7  3.930
  9    8  3.930
  9    9  3.930
  9   10  3.880
  9   11  3.880
  9   12  3.880
  9   13  3.880
  9   14  3.880
  9   15  3.880
  9   16  3.880
  9   17  3.984
  9   18  3.984
  9   19  3.984
  9   20  3.998
  9   21  3.998
  9   22  3.998
  9   23  3.998
  9   24  3.873
  9   25  3.873
  9   26  3.873
  9   27  3.873
  9   28  3.873
  9   29  3.873
  9   30  3.873
  9   31  3.873
  9   32  3.873
  9   33  3.873
  9   34  3.873
  9   35  3.873
  9   36  3.717
  9   37  3.717
  9   38  3.717
  9   39  3.717
  9   40  3.717
  9   41  3.432
  9   42  3.432
  9   43  3.432
  9   44  3.490
  9   45  3.490
  9   46  3.490
  9   47  3.490
  9   48  3.545
  9   49  3.545
  9   50  3.545
  9   51  3.545
  9   52  3.545
  9   53  3.545
  9   54  3.645
  9   55  3.645
  9   56  3.527
  9   57  3.527
  9   58  3.527
  9   59  3.676
  9   60  3.744
  9   61  3.744
  9   62  3.744
  9   63  3.744
  9   64  3.744
  9   65  3.744
  9   66  3.744
  9   67  3.744
  9   68  3.744
  9   69  3.744
  9   70  3.866
  9   71  4.178
  9   72  4.178
  9   73  4.178
  9   74  4.178
  9   75  4.178
 10    1  3.879
 10    2  3.879
 10    3  3.879
 10    4  3.879
 10    5  3.879
 10    6  3.879
 10    7  3.879
 10    8  3.879
 10    9  3.879
 10   10  3.879
 10   11  3.956
 10   12  3.956
 10   13  3.956
 10   14  3.956
 10   15  3.956
 10   16  3.956
 10   17  3.956
 10   18  3.956
 10   19  3.956
 10   20  3.956
 10   21  3.967
 10   22  3.967
 10   23  3.967
 10   24  3.967
 10   25  3.812
 10   26  3.812
 10   27  3.812
 10   28  3.812
 10   29  3.812
 10   30  3.807
 10   31  3.807
 10   32  3.807
 10   33  3.807
 10   34  3.807
 10   35  3.807
 10   36  3.807
 10   37  3.807
 10   38  3.807
 10   39  3.807
 10   40  3.807
 10   41  3.807
 10   42  3.807
 10   43  3.807
 10   44  3.807
 10   45  3.807
 10   46  3.807
 10   47  3.807
 10   48  3.807
 10   49  3.807
 10   50  3.839
 10   51  3.839
 10   52  3.839
 10   53  3.839
 10   54  3.839
 10   55  3.839
 10   56  4.007
 10   57  4.007
 10   58  4.007
 10   59  4.007
 10   60  4.007
 10   61  4.007
 10   62  4.007
 10   63  4.007
 10   64  4.007
 10   65  4.007
 10   66  4.007
 10   67  3.576
 10   68  3.576
 10   69  3.576
 10   70  3.576
 10   71  3.576
 10   72  3.576
 10   73  3.576
 10   74  3.576
 10   75  3.576
 11    1  4.007
 11    2  4.007
 11    3  4.007
 11    4  4.089
 11    5  4.089
 11    6  4.089
 11    7  4.089
 11    8  4.089
 11    9  4.089
 11   10  4.089
 11   11  4.089
 11   12  4.089
 11   13  4.089
 11   14  4.089
 11   15  4.089
 11   16  4.089
 11   17  4.089
 11   18  4.089
 11   19  4.089
 11   20  4.089
 11   21  4.089
 11   22  4.089
 11   23  4.089
 11   24  4.089
 11   25  4.089
 11   26  4.119
 11   27  4.119
 11   28  4.054
 11   29  4.054
 11   30  4.054
 11   31  4.054
 11   32  4.054
 11   33  4.054
 11   34  4.054
 11   35  4.054
 11   36  4.054
 11   37  4.054
 11   38  4.053
 11   39  4.053
 11   40  4.053
 11   41  4.053
 11   42  4.053
 11   43  4.053
 11   44  4.053
 11   45  4.053
 11   46  4.053
 11   47  4.053
 11   48  4.053
 11   49  4.053
 11   50  4.202
 11   51  4.202
 11   52  4.072
 11   53  4.197
 11   54  4.197
 11   55  4.197
 11   56  4.197
 11   57  4.197
 11   58  4.197
 11   59  4.197
 11   60  4.197
 11   61  4.197
 11   62  4.197
 11   63  4.197
 11   64  4.197
 11   65  4.197
 11   66  4.138
 11   67  4.138
 11   68  4.138
 11   69  4.120
 11   70  4.120
 11   71  4.120
 11   72  4.120
 11   73  4.120
 11   74  4.261
 11   75  4.261
 12    1  4.197
 12    2  4.180
 12    3  4.180
 12    4  4.180
 12    5  4.180
 12    6  4.180
 12    7  4.180
 12    8  4.180
 12    9  4.192
 12   10  4.192
 12   11  4.192
 12   12  4.192
 12   13  4.192
 12   14  4.192
 12   15  4.192
 12   16  4.192
 12   17  4.192
 12   18  4.192
 12   19  4.192
 12   20  4.192
 12   21  4.192
 12   22  4.192
 12   23  4.192
 12   24  4.182
 12   25  4.182
 12   26  4.160
 12   27  4.160
 12   28  4.160
 12   29  4.160
 12   30  4.160
 12   31  4.160
 12   32  4.160
 12   33  4.160
 12   34  4.160
 12   35  4.160
 12   36  4.160
 12   37  4.160
 12   38  4.160
 12   39  4.160
 12   40  4.160
 12   41  4.160
 12   42  4.203
 12   43  4.203
 12   44  4.203
 12   45  4.203
 12   46  4.203
 12   47  4.203
 12   48  4.203
 12   49  4.203
 12   50  4.203
 12   51  4.203
 12   52  4.203
 12   53  4.139
 12   54  4.139
 12   55  4.139
 12   56  4.139
 12   57  4.139
 12   58  4.139
 12   59  4.139
 12   60  4.139
 12   61  4.139
 12   62  4.139
 12   63  4.139
 12   64  4.139
 12   65  4.139
 12   66  4.139
 12   67  4.139
 12   68  4.139
 12   69  4.139
 12   70  4.139
 12   71  4.139
 12   72  4.085
 12   73  4.085
 12   74  4.085
 12   75  4.085
 13    1  4.180
 13    2  4.180
 13    3  4.180
 13    4  4.180
 13    5  4.132
 13    6  3.877
 13    7  3.877
 13    8  3.877
 13    9  3.877
 13   10  3.877
 13   11  3.877
 13   12  3.877
 13   13  3.898
 13   14  3.898
 13   15  3.898
 13   16  3.898
 13   17  3.898
 13   18  3.898
 13   19  3.898
 13   20  3.898
 13   21  3.898
 13   22  3.898
 13   23  3.898
 13   24  3.898
 13   25  3.898
 13   26  3.898
 13   27  3.898
 13   28  3.898
 13   29  3.898
 13   30  3.898
 13   31  3.898
 13   32  3.898
 13   33  3.898
 13   34  3.898
 13   35  3.898
 13   36  3.898
 13   37  3.898
 13   38  3.898
 13   39  3.898
 13   40  3.898
 13   41  4.027
 13   42  4.027
 13   43  4.027
 13   44  4.027
 13   45  4.027
 13   46  4.027
 13   47  4.027
 13   48  4.027
 13   49  4.027
 13   50  4.027
 13   51  4.027
 13   52  4.027
 13   53  4.027
 13   54  4.027
 13   55  4.027
 13   56  4.027
 13   57  4.027
 13   58  4.030
 13   59  4.030
 13   60  4.030
 13   61  4.030
 13   62  4.030
 13   63  4.030
 13   64  4.030
 13   65  4.030
 13   66  4.030
 13   67  4.030
 13   68  4.030
 13   69  4.030
 13   70  4.053
 13   71  4.053
 13   72  4.053
 13   73  4.053
 13   74  4.053
 13   75  4.053
 14    1  4.027
 14    2  4.027
 14    3  4.027
 14    4  4.027
 14    5  4.027
 14    6  4.027
 14    7  4.027
 14    8  4.027
 14    9  4.027
 14   10  4.027
 14   11  4.027
 14   12  4.027
 14   13  4.027
 14   14  4.027
 14   15  4.027
 14   16  4.027
 14   17  4.027
 14   18  4.027
 14   19  4.027
 14   20  4.027
 14   21  4.027
 14   22  4.027
 14   23  4.027
 14   24  4.027
 14   25  3.952
 14   26  3.952
 14   27  3.952
 14   28  3.952
 14   29  3.952
 14   30  3.952
 14   31  4.186
 14   32  4.186
 14   33  4.186
 14   34  4.186
 14   35  4.186
 14   36  4.186
 14   37  4.186
 14   38  4.186
 14   39  4.186
 14   40  4.186
 14   41  4.186
 14   42  4.186
 14   43  4.186
 14   44  4.186
 14   45  4.186
 14   46  4.186
 14   47  4.186
 14   48  4.186
 14   49  4.186
 14   50  4.186
 14   51  4.186
 14   52  4.052
 14   53  4.052
 14   54  4.052
 14   55  4.052
 14   56  4.052
 14   57  4.052
 14   58  4.052
 14   59  4.052
 14   60  4.052
 14   61  4.052
 14   62  4.052
 14   63  4.052
 14   64  4.052
 14   65  4.052
 14   66  4.052
 14   67  4.052
 14   68  4.052
 14   69  4.052
 14   70  4.052
 14   71  4.052
 14   72  4.052
 14   73  4.052
 14   74  4.052
 14   75  4.052
 15    1  4.027
 15    2  3.957
 15    3  3.983
 15    4  3.983
 15    5  3.983
 15    6  3.983
 15    7  3.983
 15    8  3.983
 15    9  3.983
 15   10  3.983
 15   11  3.983
 15   12  3.983
 15   13  3.983
 15   14  3.983
 15   15  3.983
 15   16  3.983
 15   17  3.983
 15   18  4.101
 15   19  4.101
 15   20  4.101
 15   21  4.101
 15   22  4.101
 15   23  4.101
 15   24  4.101
 15   25  4.101
 15   26  4.101
 15   27  4.101
 15   28  4.101
 15   29  4.101
 15   30  4.101
 15   31  4.101
 15   32  4.101
 15   33  4.101
 15   34  4.101
 15   35  4.099
 15   36  4.099
 15   37  4.155
 15   38  4.155
 15   39  4.155
 15   40  4.155
 15   41  4.155
 15   42  4.155
 15   43  4.155
 15   44  4.155
 15   45  4.155
 15   46  4.155
 15   47  4.155
 15   48  4.155
 15   49  4.155
 15   50  4.155
 15   51  4.155
 15   52  4.155
 15   53  4.155
 15   54  4.155
 15   55  4.155
 15   56  4.155
 15   57  4.155
 15   58  4.155
 15   59  4.155
 15   60  4.155
 15   61  4.155
 15   62  4.155
 15   63  4.155
 15   64  4.155
 15   65  4.155
 15   66  4.155
 15   67  4.155
 15   68  4.155
 15   69  4.155
 15   70  4.155
 15   71  4.155
 15   72  4.155
 15   73  4.155
 15   74  4.155
 15   75  4.155
 16    1  4.155
 16    2  4.155
 16    3  4.155
 16    4  4.155
 16    5  4.155
 16    6  4.155
 16    7  4.155
 16    8  4.155
 16    9  4.155
 16   10  4.157
 16   11  4.157
 16   12  4.157
 16   13  4.157
 16   14  4.157
 16   15  4.157
 16   16  4.157
 16   17  4.157
 16   18  4.157
 16   19  4.157
 16   20  4.157
 16   21  4.157
 16   22  4.157
 16   23  4.157
 16   24  4.157
 16   25  4.157
 16   26  4.157
 16   27  4.157
 16   28  4.157
 16   29  4.157
 16   30  4.157
 16   31  4.157
 16   32  4.157
 16   33  4.157
 16   34  4.157
 16   35  4.157
 16   36  4.157
 16   37  4.157
 16   38  4.157
 16   39  4.157
 16   40  4.157
 16   41  4.157
 16   42  4.157
 16   43  4.157
 16   44  4.157
 16   45  4.157
 16   46  4.157
 16   47  4.157
 16   48  4.157
 16   49  4.157
 16   50  4.157
 16   51  4.157
 16   52  4.157
 16   53  4.157
 16   54  4.149
 16   55  4.149
 16   56  4.149
 16   57  4.149
 16   58  4.149
 16   59  4.149
 16   60  4.149
 16   61  4.149
 16   62  4.149
 16   63  4.149
 16   64  4.149
 16   65  4.149
 16   66  4.149
 16   67  4.149
 16   68  4.149
 16   69  4.149
 16   70  4.149
 16   71  4.149
 16   72  4.149
 16   73  4.149
 16   74  4.149
 16   75  4.149
 17    1  4.157
 17    2  4.157
 17    3  4.157
 17    4  4.157
 17    5  4.157
 17    6  4.157
 17    7  4.157
 17    8  4.157
 17    9  4.157
 17   10  4.157
 17   11  4.157
 17   12  4.157
 17   13  4.157
 17   14  4.157
 17   15  4.157
 17   16  4.157
 17   17  4.157
 17   18  4.157
 17   19  4.157
 17   20  4.157
 17   21  4.157
 17   22  4.157
 17   23  4.157
 17   24  4.157
 17   25  4.157
 17   26  4.157
 17   27  4.157
 17   28  4.157
 17   29  4.157
 17   30  4.157
 17   31  4.157
 17   32  4.157
 17   33  4.157
 17   34  4.157
 17   35  4.157
 17   36  4.157
 17   37  4.157
 17   38  4.157
 17   39  4.157
 17   40  4.157
 17   41  4.157
 17   42  4.157
 17   43  4.157
 17   44  4.157
 17   45  4.157
 17   46  4.157
 17   47  4.157
 17   48  4.157
 17   49  4.157
 17   50  4.157
 17   51  4.157
 17   52  4.107
 17   53  4.107
 17   54  4.107
 17   55  4.107
 17   56  4.107
 17   57  4.107
 17   58  4.107
 17   59  4.107
 17   60  4.107
 17   61  4.107
 17   62  4.107
 17   63  4.107
 17   64  4.107
 17   65  4.107
 17   66  4.107
 17   67  4.107
 17   68  4.107
 17   69  4.107
 17   70  4.107
 17   71  4.107
 17   72  4.107
 17   73  4.107
 17   74  4.107
 17   75  4.107
 18    1  4.157
 18    2  4.157
 18    3  4.157
 18    4  4.157
 18    5  4.157
 18    6  4.157
 18    7  4.157
 18    8  4.157
 18    9  4.157
 18   10  4.157
 18   11  4.157
 18   12  4.157
 18   13  4.157
 18   14  4.157
 18   15  4.157
 18   16  4.157
 18   17  4.157
 18   18  4.157
 18   19  4.157
 18   20  4.157
 18   21  4.157
 18   22  4.157
 18   23  4.157
 18   24  4.157
 18   25  4.157
 18   26  4.157
 18   27  4.157
 18   28  4.157
 18   29  4.157
 18   30  4.157
 18   31  4.157
 18   32  4.157
 18   33  4.157
 18   34  4.157
 18   35  4.157
 18   36  4.157
 18   37  4.157
 18   38  4.157
 18   39  4.220
 18   40  4.220
 18   41  4.220
 18   42  4.220
 18   43  4.220
 18   44  4.220
 18   45  4.220
 18   46  4.220
 18   47  4.220
 18   48  4.220
 18   49  4.220
 18   50  4.220
 18   51  4.220
 18   52  4.220
 18   53  4.220
 18   54  4.220
 18   55  4.220
 18   56  4.220
 18   57  4.220
 18   58  4.220
 18   59  4.220
 18   60  4.220
 18   61  4.220
 18   62  4.220
 18   63  4.220
 18   64  4.220
 18   65  4.220
 18   66  4.220
 18   67  4.220
 18   68  4.220
 18   69  4.220
 18   70  4.220
 18   71  4.220
 18   72  4.220
 18   73  4.220
 18   74  4.220
 18   75  4.220
 19    1  4.157
 19    2  4.157
 19    3  4.157
 19    4  4.157
 19    5  4.157
 19    6  4.157
 19    7  4.157
 19    8  4.157
 19    9  4.157
 19   10  4.157
 19   11  4.157
 19   12  4.157
 19   13  4.157
 19   14  4.157
 19   15  4.157
 19   16  4.157
 19   17  4.157
 19   18  4.157
 19   19  4.157
 19   20  4.157
 19   21  4.157
 19   22  4.157
 19   23  4.157
 19   24  4.157
 19   25  4.157
 19   26  4.157
 19   27  4.157
 19   28  4.157
 19   29  4.157
 19   30  4.157
 19   31  4.157
 19   32  4.157
 19   33  4.157
 19   34  4.157
 19   35  4.157
 19   36  4.157
 19   37  4.157
 19   38  4.157
 19   39  4.157
 19   40  4.157
 19   41  4.157
 19   42  4.157
 19   43  4.157
 19   44  4.157
 19   45  4.157
 19   46  4.157
 19   47  4.157
 19   48  4.157
 19   49  4.157
 19   50  4.157
 19   51  4.157
 19   52  4.157
 19   53  4.157
 19   54  4.157
 19   55  4.157
 19   56  4.157
 19   57  4.157
 19   58  4.157
 19   59  4.157
 19   60  4.157
 19   61  4.157
 19   62  4.157
 19   63  4.157
 19   64  4.157
 19   65  4.157
 19   66  4.157
 19   67  4.157
 19   68  4.157
 19   69  4.157
 19   70  4.157
 19   71  4.157
 19   72  4.157
 19   73  4.157
 19   74  4.157
 19   75  4.157
 20    1  4.157
 20    2  4.157
 20    3  4.157
 20    4  4.157
 20    5  4.157
 20    6  4.157
 20    7  4.157
 20    8  4.157
 20    9  4.157
 20   10  4.157
 20   11  4.157
 20   12  4.157
 20   13  4.157
 20   14  4.157
 20   15  4.157
 20   16  4.157
 20   17  4.157
 20   18  4.157
 20   19  4.157
 20   20  4.157
 20   21  4.157
 20   22  4.157
 20   23  4.157
 20   24  4.157
 20   25  4.157
 20   26  4.157
 20   27  4.157
 20   28  4.157
 20   29  4.157
 20   30  4.157
 20   31  4.157
 20   32  4.157
 20   33  4.157
 20   34  4.157
 20   35  4.157
 20   36  4.157
 20   37  4.157
 20   38  4.157
 20   39  4.157
 20   40  4.157
 20   41  4.157
 20   42  4.157
 20   43  4.157
 20   44  4.157
 20   45  4.157
 20   46  4.157
 20   47  4.157
 20   48  4.157
 20   49  4.157
 20   50  4.157
 20   51  4.157
 20   52  4.157
 20   53  4.157
 20   54  4.157
 20   55  4.157
 20   56  4.157
 20   57  4.157
 20   58  4.157
 20   59  4.157
 20   60  4.144
 20   61  4.144
 20   62  4.110
 20   63  4.110
 20   64  4.110
 20   65  4.110
 20   66  4.110
 20   67  4.110
 20   68  4.110
 20   69  4.110
 20   70  4.110
 20   71  4.110
 20   72  4.110
 20   73  4.110
 20   74  4.110
 20   75  4.110
 21    1  4.157
 21    2  4.157
 21    3  4.157
 21    4  4.157
 21    5  4.157
 21    6  4.157
 21    7  4.157
 21    8  4.157
 21    9  4.157
 21   10  4.157
 21   11  4.157
 21   12  4.157
 21   13  4.157
 21   14  4.157
 21   15  4.157
 21   16  4.157
 21   17  4.157
 21   18  4.157
 21   19  4.157
 21   20  4.157
 21   21  4.157
 21   22  4.157
 21   23  4.157
 21   24  4.157
 21   25  4.157
 21   26  4.157
 21   27  4.157
 21   28  4.157
 21   29  4.157
 21   30  4.157
 21   31  4.157
 21   32  4.157
 21   33  4.157
 21   34  4.157
 21   35  4.157
 21   36  4.157
 21   37  4.157
 21   38  4.157
 21   39  4.157
 21   40  4.157
 21   41  4.157
 21   42  4.157
 21   43  4.157
 21   44  4.157
 21   45  4.157
 21   46  4.157
 21   47  4.157
 21   48  4.157
 21   49  4.157
 21   50  4.157
 21   51  4.157
 21   52  4.157
 21   53  4.157
 21   54  4.157
 21   55  4.157
 21   56  4.157
 21   57  4.157
 21   58  4.157
 21   59  4.157
 21   60  4.157
 21   61  4.157
 21   62  4.157
 21   63  4.157
 21   64  4.157
 21   65  4.157
 21   66  4.157
 21   67  4.157
 21   68  4.157
 21   69  4.157
 21   70  4.157
 21   71  4.157
 21   72  4.157
 21   73  4.157
 21   74  4.157
 21   75  4.157
 22    1  4.157
 22    2  4.157
 22    3  4.157
 22    4  4.157
 22    5  4.157
 22    6  4.157
 22    7  4.157
 22    8  4.157
 22    9  4.157
 22   10  4.157
 22   11  4.157
 22   12  4.157
 22   13  4.157
 22   14  4.157
 22   15  4.157
 22   16  4.157
 22   17  4.157
 22   18  4.157
 22   19  4.157
 22   20  4.157
 22   21  4.157
 22   22  4.157
 22   23  4.157
 22   24  4.157
 22   25  4.157
 22   26  4.157
 22   27  4.157
 22   28  4.157
 22   29  4.157
 22   30  4.157
 22   31  4.157
 22   32  4.157
 22   33  4.157
 22   34  4.157
 22   35  4.157
 22   36  4.157
 22   37  4.157
 22   38  4.157
 22   39  4.157
 22   40  4.157
 22   41  4.157
 22   42  4.157
 22   43  4.157
 22   44  4.157
 22   45  4.157
 22   46  4.157
 22   47  4.157
 22   48  4.157
 22   49  4.157
 22   50  4.157
 22   51  4.157
 22   52  4.157
 22   53  4.157
 22   54  4.157
 22   55  4.157
 22   56  4.157
 22   57  4.157
 22   58  4.157
 22   59  4.157
 22   60  4.157
 22   61  4.157
 22   62  4.157
 22   63  4.157
 22   64  4.157
 22   65  4.157
 22   66  4.157
 22   67  4.157
 22   68  4.157
 22   69  4.157
 22   70  4.157
 22   71  4.157
 22   72  4.157
 22   73  4.157
 22   74  4.157
 22   75  4.157
 23    1  4.157
 23    2  4.157
 23    3  4.157
 23    4  4.157
 23    5  4.157
 23    6  4.157
 23    7  4.157
 23    8  4.157
 23    9  4.157
 23   10  4.157
 23   11  4.157
 23   12  4.157
 23   13  4.157
 23   14  4.157
 23   15  4.157
 23   16  4.157
 23   17  4.157
 23   18  4.157
 23   19  4.157
 23   20  4.157
 23   21  4.157
 23   22  4.157
 23   23  4.157
 23   24  4.157
 23   25  4.157
 23   26  4.157
 23   27  4.157
 23   28  4.157
 23   29  4.157
 23   30  4.157
 23   31  4.157
 23   32  4.157
 23   33  4.157
 23   34  4.157
 23   35  4.157
 23   36  4.157
 23   37  4.157
 23   38  4.157
 23   39  4.157
 23   40  4.157
 23   41  4.157
 23   42  4.157
 23   43  4.157
 23   44  4.157
 23   45  4.157
 23   46  4.157
 23   47  4.157
 23   48  4.157
 23   49  4.157
 23   50  4.157
 23   51  4.157
 23   52  4.157
 23   53  4.157
 23   54  4.157
 23   55  4.157
 23   56  4.157
 23   57  4.157
 23   58  4.157
 23   59  4.157
 23   60  4.157
 23   61  4.157
 23   62  4.157
 23   63  4.157
 23   64  4.157
 23   65  4.157
 23   66  4.157
 23   67  4.157
 23   68  4.157
 23   69  4.157
 23   70  4.157
 23   71  4.157
 23   72  4.157
 23   73  4.157
 23   74  4.157
 23   75  4.157
 24    1  4.157
 24    2  4.157
 24    3  4.157
 24    4  4.157
 24    5  4.157
 24    6  4.157
 24    7  4.157
 24    8  4.157
 24    9  4.157
 24   10  4.157
 24   11  4.157
 24   12  4.157
 24   13  4.157
 24   14  4.157
 24   15  4.157
 24   16  4.157
 24   17  4.157
 24   18  4.157
 24   19  4.157
 24   20  4.157
 24   21  4.157
 24   22  4.157
 24   23  4.157
 24   24  4.157
 24   25  4.157
 24   26  4.157
 24   27  4.157
 24   28  4.157
 24   29  4.157
 24   30  4.157
 24   31  4.157
 24   32  4.157
 24   33  4.157
 24   34  4.157
 24   35  4.157
 24   36  4.157
 24   37  4.157
 24   38  4.157
 24   39  4.157
 24   40  4.157
 24   41  4.157
 24   42  4.157
 24   43  4.157
 24   44  4.157
 24   45  4.157
 24   46  4.157
 24   47  4.157
 24   48  4.157
 24   49  4.157
 24   50  4.157
 24   51  4.157
 24   52  4.157
 24   53  4.157
 24   54  4.157
 24   55  4.157
 24   56  4.157
 24   57  4.157
 24   58  4.157
 24   59  4.157
 24   60  4.157
 24   61  4.157
 24   62  4.157
 24   63  4.157
 24   64  4.157
 24   65  4.157
 24   66  4.157
 24   67  4.157
 24   68  4.157
 24   69  4.157
 24   70  4.157
 24   71  4.157
 24   72  4.157
 24   73  4.157
 24   74  4.157
 24   75  4.157
 25    1  4.157
 25    2  4.157
 25    3  4.157
 25    4  4.157
 25    5  4.157
 25    6  4.157
 25    7  4.157
 25    8  4.157
 25    9  4.157
 25   10  4.157
 25   11  4.157
 25   12  4.157
 25   13  4.157
 25   14  4.157
 25   15  4.157
 25   16  4.157
 25   17  4.157
 25   18  4.157
 25   19  4.157
 25   20  4.157
 25   21  4.157
 25   22  4.157
 25   23  4.157
 25   24  4.157
 25   25  4.157
 25   26  4.157
 25   27  4.157
 25   28  4.157
 25   29  4.157
 25   30  4.157
 25   31  4.157
 25   32  4.157
 25   33  4.157
 25   34  4.157
 25   35  4.157
 25   36  4.157
 25   37  4.157
 25   38  4.157
 25   39  4.157
 25   40  4.157
 25   41  4.157
 25   42  4.157
 25   43  4.157
 25   44  4.157
 25   45  4.157
 25   46  4.157
 25   47  4.157
 25   48  4.157
 25   49  4.157
 25   50  4.157
 25   51  4.157
 25   52  4.157
 25   53  4.157
 25   54  4.157
 25   55  4.157
 25   56  4.157
 25   57  4.157
 25   58  4.157
 25   59  4.157
 25   60  4.157
 25   61  4.157
 25   62  4.157
 25   63  4.157
 25   64  4.157
 25   65  4.157
 25   66  4.157
 25   67  4.157
 25   68  4.157
 25   69  4.157
 25   70  4.157
 25   71  4.157
 25   72  4.157
 25   73  4.172
 25   74  4.172
 25   75  4.172
 26    1  4.172
 26    2  4.172
 26    3  4.172
 26    4  4.172
 26    5  4.172
 26    6  4.172
 26    7  4.172
 26    8  4.172
 26    9  4.172
 26   10  4.172
 26   11  4.172
 26   12  4.172
 26   13  4.172
 26   14  4.172
 26   15  4.172
 26   16  4.172
 26   17  4.172
 26   18  4.172
 26   19  4.172
 26   20  4.172
 26   21  4.172
 26   22  4.172
 26   23  4.172
 26   24  4.172
 26   25  4.172
 26   26  4.172
 26   27  4.172
 26   28  4.172
 26   29  4.172
 26   30  4.172
 26   31  4.172
 26   32  4.172
 26   33  4.172
 26   34  4.172
 26   35  4.172
 26   36  4.172
 26   37  4.172
 26   38  4.172
 26   39  4.172
 26   40  4.172
 26   41  4.172
 26   42  4.172
 26   43  4.172
 26   44  4.172
 26   45  4.172
 26   46  4.172
 26   47  4.172
 26   48  4.172
 26   49  4.172
 26   50  4.172
 26   51  4.172
 26   52  4.172
 26   53  4.172
 26   54  4.172
 26   55  4.172
 26   56  4.172
 26   57  4.172
 26   58  4.172
 26   59  4.172
 26   60  4.172
 26   61  4.172
 26   62  4.172
 26   63  4.172
 26   64  4.172
 26   65  4.172
 26   66  4.172
 26   67  4.172
 26   68  4.172
 26   69  4.172
 26   70  4.172
 26   71  4.172
 26   72  4.172
 26   73  4.172
 26   74  4.172
 26   75  4.172
 27    1  4.172
 27    2  4.172
 27    3  4.172
 27    4  4.172
 27    5  4.172
 27    6  4.172
 27    7  4.172
 27    8  4.172
 27    9  4.172
 27   10  4.172
 27   11  4.172
 27   12  4.172
 27   13  4.172
 27   14  4.172
 27   15  4.172
 27   16  4.172
 27   17  4.172
 27   18  4.172
 27   19  4.172
 27   20  4.172
 27   21  4.172
 27   22  4.172
 27   23  4.172
 27   24  4.172
 27   25  4.172
 27   26  4.172
 27   27  4.172
 27   28  4.252
 27   29  4.252
 27   30  4.252
 27   31  4.252
 27   32  4.252
 27   33  4.252
 27   34  4.252
 27   35  4.252
 27   36  4.252
 27   37  4.252
 27   38  4.252
 27   39  4.252
 27   40  4.252
 27   41  4.252
 27   42  4.252
 27   43  4.252
 27   44  4.252
 27   45  4.252
 27   46  4.252
 27   47  4.252
 27   48  4.252
 27   49  4.252
 27   50  4.252
 27   51  4.252
 27   52  4.252
 27   53  4.252
 27   54  4.252
 27   55  4.252
 27   56  4.252
 27   57  4.252
 27   58  4.252
 27   59  4.252
 27   60  4.252
 27   61  4.252
 27   62  4.252
 27   63  4.252
 27   64  4.252
 27   65  4.252
 27   66  4.252
 27   67  4.252
 27   68  4.252
 27   69  4.252
 27   70  4.252
 27   71  4.252
 27   72  4.252
 27   73  4.252
 27   74  4.252
 27   75  4.252
 28    1  4.252
 28    2  4.252
 28    3  4.252
 28    4  4.252
 28    5  4.252
 28    6  4.252
 28    7  4.252
 28    8  4.252
 28    9  4.252
 28   10  4.252
 28   11  4.252
 28   12  4.252
 28   13  4.252
 28   14  4.252
 28   15  4.252
 28   16  4.252
 28   17  4.252
 28   18  4.252
 28   19  4.252
 28   20  4.252
 28   21  4.252
 28   22  4.252
 28   23  4.252
 28   24  4.252
 28   25  4.252
 28   26  4.252
 28   27  4.252
 28   28  4.252
 28   29  4.252
 28   30  4.252
 28   31  4.252
 28   32  4.252
 28   33  4.252
 28   34  4.252
 28   35  4.277
 28   36  4.277
 28   37  4.277
 28   38  4.277
 28   39  4.277
 28   40  4.277
 28   41  4.277
 28   42  4.277
 28   43  4.277
 28   44  4.277
 28   45  4.277
 28   46  4.277
 28   47  4.277
 28   48  4.277
 28   49  4.277
 28   50  4.277
 28   51  4.277
 28   52  4.277
 28   53  4.277
 28   54  4.277
 28   55  4.277
 28   56  4.277
 28   57  4.277
 28   58  4.277
 28   59  4.277
 28   60  4.277
 28   61  4.277
 28   62  4.277
 28   63  4.277
 28   64  4.277
 28   65  4.277
 28   66  4.277
 28   67  4.277
 28   68  4.277
 28   69  4.277
 28   70  4.277
 28   71  4.277
 28   72  4.277
 28   73  4.277
 28   74  4.277
 28   75  4.277
 29    1  4.277
 29    2  4.277
 29    3  4.277
 29    4  4.277
 29    5  4.277
 29    6  4.277
 29    7  4.277
 29    8  4.277
 29    9  4.277
 29   10  4.277
 29   11  4.277
 29   12  4.277
 29   13  4.277
 29   14  4.277
 29   15  4.277
 29   16  4.277
 29   17  4.277
 29   18  4.277
 29   19  4.277
 29   20  4.277
 29   21  4.277
 29   22  4.277
 29   23  4.277
 29   24  4.277
 29   25  4.277
 29   26  4.277
 29   27  4.277
 29   28  4.277
 29   29  4.277
 29   30  4.277
 29   31  4.277
 29   32  4.277
 29   33  4.277
 29   34  4.277
 29   35  4.277
 29   36  4.277
 29   37  4.277
 29   38  4.277
 29   39  4.277
 29   40  4.277
 29   41  4.277
 29   42  4.277
 29   43  4.277
 29   44  4.277
 29   45  4.277
 29   46  4.277
 29   47  4.277
 29   48  4.277
 29   49  4.277
 29   50  4.277
 29   51  4.277
 29   52  4.277
 29   53  4.277
 29   54  4.277
 29   55  4.277
 29   56  4.277
 29   57  4.277
 29   58  4.277
 29   59  4.277
 29   60  4.277
 29   61  4.277
 29   62  4.277
 29   63  4.277
 29   64  4.277
 29   65  4.277
 29   66  4.277
 29   67  4.277
 29   68  4.277
 29   69  4.277
 29   70  4.277
 29   71  4.277
 29   72  4.277
 29   73  4.277
 29   74  4.277
 29   75  4.277
 30    1  4.277
 30    2  4.277
 30    3  4.277
 30    4  4.277
 30    5  4.277
 30    6  4.277
 30    7  4.277
 30    8  4.277
 30    9  4.277
 30   10  4.277
 30   11  4.277
 30   12  4.277
 30   13  4.277
 30   14  4.277
 30   15  4.277
 30   16  4.277
 30   17  4.277
 30   18  4.277
 30   19  4.277
 30   20  4.277
 30   21  4.277
 30   22  4.277
 30   23  4.277
 30   24  4.277
 30   25  4.277
 30   26  4.277
 30   27  4.277
 30   28  4.277
 30   29  4.277
 30   30  4.277
 30   31  4.277
 30   32  4.277
 30   33  4.277
 30   34  4.277
 30   35  4.277
 30   36  4.277
 30   37  4.277
 30   38  4.277
 30   39  4.277
 30   40  4.277
 30   41  4.277
 30   42  4.277
 30   43  4.277
 30   44  4.277
 30   45  4.277
 30   46  4.277
 30   47  4.277
 30   48  4.277
 30   49  4.277
 30   50  4.277
 30   51  4.277
 30   52  4.277
 30   53  4.277
 30   54  4.277
 30   55  4.277
 30   56  4.277
 30   57  4.277
 30   58  4.277
 30   59  4.277
 30   60  4.277
 30   61  4.277
 30   62  4.277
 30   63  4.277
 30   64  4.277
 30   65  4.277
 30   66  4.277
 30   67  4.277
 30   68  4.277
 30   69  4.277
 30   70  4.277
 30   71  4.277
 30   72  4.277
 30   73  4.277
 30   74  4.277
 30   75  4.277
 31    1  4.277
 31    2  4.277
 31    3  4.277
 31    4  4.277
 31    5  4.277
 31    6  4.277
 31    7  4.277
 31    8  4.277
 31    9  4.277
 31   10  4.277
 31   11  4.277
 31   12  4.277
 31   13  4.277
 31   14  4.277
 31   15  4.277
 31   16  4.277
 31   17  4.277
 31   18  4.277
 31   19  4.277
 31   20  4.277
 31   21  4.277
 31   22  4.277
 31   23  4.277
 31   24  4.277
 31   25  4.277
 31   26  4.277
 31   27  4.277
 31   28  4.277
 31   29  4.277
 31   30  4.277
 31   31  4.277
 31   32  4.277
 31   33  4.277
 31   34  4.277
 31   35  4.277
 31   36  4.277
 31   37  4.277
 31   38  4.277
 31   39  4.277
 31   40  4.277
 31   41  4.277
 31   42  4.277
 31   43  4.277
 31   44  4.277
 31   45  4.277
 31   46  4.277
 31   47  4.277
 31   48  4.277
 31   49  4.277
 31   50  4.277
 31   51  4.277
 31   52  4.277
 31   53  4.277
 31   54  4.277
 31   55  4.277
 31   56  4.277
 31   57  4.277
 31   58  4.277
 31   59  4.277
 31   60  4.277
 31   61  4.277
 31   62  4.277
 31   63  4.277
 31   64  4.277
 31   65  4.277
 31   66  4.277
 31   67  4.277
 31   68  4.277
 31   69  4.277
 31   70  4.277
 31   71  4.277
 31   72  4.277
 31   73  4.277
 31   74  4.277
 31   75  4.277
 32    1  4.277
 32    2  4.277
 32    3  4.277
 32    4  4.277
 32    5  4.277
 32    6  4.277
 32    7  4.277
 32    8  4.277
 32    9  4.277
 32   10  4.277
 32   11  4.277
 32   12  4.277
 32   13  4.277
 32   14  4.277
 32   15  4.277
 32   16  4.277
 32   17  4.277
 32   18  4.277
 32   19  4.277
 32   20  4.277
 32   21  4.277
 32   22  4.277
 32   23  4.277
 32   24  4.277
 32   25  4.277
 32   26  4.277
 32   27  4.277
 32   28  4.277
 32   29  4.277
 32   30  4.277
 32   31  4.277
 32   32  4.277
 32   33  4.277
 32   34  4.277
 32   35  4.277
 32   36  4.277
 32   37  4.277
 32   38  4.277
 32   39  4.277
 32   40  4.277
 32   41  4.277
 32   42  4.277
 32   43  4.277
 32   44  4.277
 32   45  4.277
 32   46  4.277
 32   47  4.254
 32   48  4.254
 32   49  4.254
 32   50  4.254
 32   51  4.254
 32   52  4.254
 32   53  4.254
 32   54  4.254
 32   55  4.254
 32   56  4.254
 32   57  4.254
 32   58  4.254
 32   59  4.254
 32   60  4.254
 32   61  4.254
 32   62  4.254
 32   63  4.254
 32   64  4.254
 32   65  4.254
 32   66  4.254
 32   67  4.254
 32   68  4.254
 32   69  4.254
 32   70  4.254
 32   71  4.254
 32   72  4.254
 32   73  4.254
 32   74  4.254
 32   75  4.254
